Ticker
RELIANCE.NS
TCS.NS
INFY.BO
HDFCBANK.BO
ICICIBANK.BO
ADANIPOWER.BO
APOLLOHOSP.BO
HEROMOTOCO.BO
MARUTI.BO
BHARTIARTL.NS